2458333.500000000 = A.D. 2018-Aug-03 00:00:00.0000 TDB 
 X = -4.280263915951316E-02 Y = -3.716818870566126E-01 Z = 5.386197265482596E-01
 VX= -2.632439312995230E-03 VY= -5.608824978772723E-03 VZ= 2.560129421047437E-03
 LT= 3.787660047276557E-03 RG= 6.558130075805954E-01 RR= 5.453246839659826E-03
2458313.500000000 = A.D. 2018-Jul-14 00:00:00.0000 TDB 
 X = 3.970631904090028E-01 Y = -1.225073701836142E+00 Z = 4.747425184596843E-01
 VX= 1.139883470428736E-02 VY= 2.679831562725547E-03 VZ= 3.750852848226884E-03
 LT= 7.927086082751134E-03 RG= 1.372532407975028E+00 RR= 2.203048767193559E-03
2458313.500000000 = A.D. 2018-Jul-14 00:00:00.0000 TDB 
 X = 2.816897500870051E-02 Y = -2.778423961042720E-01 Z = 4.746768937777050E-01
 VX= -4.380925431299994E-03 VY= -3.315366369400839E-03 VZ= 3.670400134463011E-03
 LT= 3.180774852595024E-03 RG= 5.507340934720263E-01 RR= 4.612021158493556E-03
2018-Aug-03 00:00 *   17 42 20.87 +31 52 29.0
